   9.0227005e+01   1.8305990e-01   7.8446094e+00   8.0270358e-04   1.0026643e+00   4.1196532e+01   4.8000000e+01
   9.2326221e+01   1.8245768e-01   6.3592155e+00   7.8826219e-04   1.0020515e+00   3.6998100e+01   4.8000000e+01
   8.8709350e+01   1.8295573e-01   9.1302409e+00   8.0911168e-04   1.0030580e+00   4.4231842e+01   4.8000000e+01
   9.1493596e+01   1.8258464e-01   6.9113672e+00   7.9532415e-04   1.0023633e+00   3.8663349e+01   4.8000000e+01
   8.8313175e+01   1.7895833e-01   9.4992188e+00   7.9861044e-04   1.0032635e+00   4.5024191e+01   4.8000000e+01
   9.0551201e+01   1.8246745e-01   7.5943685e+00   7.9444218e-04   1.0024553e+00   4.0548140e+01   4.8000000e+01
   9.0102047e+01   1.8233073e-01   7.9432487e+00   7.9605999e-04   1.0025659e+00   4.1446447e+01   4.8000000e+01
   9.0262918e+01   1.8201497e-01   7.8164876e+00   7.9624496e-04   1.0025803e+00   4.1124706e+01   4.8000000e+01
   9.0386942e+01   1.8231771e-01   7.7201432e+00   7.9614750e-04   1.0025218e+00   4.0876658e+01   4.8000000e+01
   9.1067977e+01   1.8213867e-01   7.2118783e+00   7.9172506e-04   1.0023784e+00   3.9514588e+01   4.8000000e+01
