   8.5244450e+01   1.8208659e-01   1.2911032e+01   8.6463731e-04   1.0042618e+00   5.1161643e+01   4.8000000e+01
   8.6358994e+01   1.8229492e-01   1.1549333e+01   8.6317398e-04   1.0042010e+00   4.8932553e+01   4.8000000e+01
   8.7824428e+01   1.8206706e-01   9.9750228e+00   8.1156042e-04   1.0030744e+00   4.6001685e+01   4.8000000e+01
   8.4377371e+01   1.8167318e-01   1.4080488e+01   8.2746655e-04   1.0044080e+00   5.2895801e+01   4.8000000e+01
   8.5427661e+01   1.8201823e-01   1.2676641e+01   8.3333357e-04   1.0040421e+00   5.0795220e+01   4.8000000e+01
   8.5485485e+01   1.8254232e-01   1.2603551e+01   8.2328563e-04   1.0039029e+00   5.0679573e+01   4.8000000e+01
   8.6712715e+01   1.8206380e-01   1.1147949e+01   8.4090529e-04   1.0035289e+00   4.8225111e+01   4.8000000e+01
   8.9609113e+01   1.8274089e-01   8.3446094e+00   8.5030609e-04   1.0027738e+00   4.2432315e+01   4.8000000e+01
   8.8503617e+01   1.8216797e-01   9.3200260e+00   8.6059465e-04   1.0031194e+00   4.4643308e+01   4.8000000e+01
   8.8449622e+01   1.8228841e-01   9.3704850e+00   8.6306158e-04   1.0032574e+00   4.4751297e+01   4.8000000e+01
