-0.27547628
-1.3992092
2.9729526
1.1871986
1.4864565
2.88892
0.46233709
-2.4277016
-2.2513587
-0.80045948
1.5761584
1.2970568
-1.0218072
1.7727212
-1.6370197
-1.3993405
1.5124679
-2.0444714
-2.1816302
1.7343756
-1.1880288
-1.0182767
-0.89445739
0.81100168
-0.35561212
6.52017
0.28943176
2.8349043
-1.9319284
-0.43718337
-1.3514949
1.783367
-0.88339303
5.7015258
1.4653538
-1.8820873
0.25542096
-1.8152821
-1.3899579
3.3825281
1.4907488
3.6003247
1.4973081
1.5434865
1.1306418
3.8084116
-1.1361569
-1.2063431
-0.083505144
3.5634045
-1.4579659
-1.3092872
4.7302312
1.0242054
-2.0450046
1.1284242
0.69271957
-1.6990784
-2.0008748
-2.3153953
