-0.082000811
-2.5236399
-4.1061681
-1.9710152
-1.6674131
-2.2619498
-2.0178049
-0.88645655
-0.5288861
0.67954031
-2.6353214
-1.5953247
-2.2562482
-1.8901193
-1.3960416
-0.6116487
-1.6187951
0.62683109
-1.3799027
-3.180785
-1.1797275
0.68067706
1.1574136
-2.3338653
-2.5434395
-4.47189
-2.0274254
-4.5454849
-1.6231303
-1.2377819
-1.4513529
-3.0816732
-1.201511
-4.213952
-2.7348604
-0.52617463
-0.80614242
-2.3018021
-1.0380458
-1.9962226
-0.95968961
-2.3705591
-3.0199309
-2.3203053
-2.2422448
-1.6815386
2.3788801
-1.6792178
-1.2485676
-2.8651044
-0.84872208
-0.78707933
-3.4721594
-3.0397637
-0.45619189
-1.5733055
-2.291695
-0.74215929
-3.3839346
-0.1029021
