-1.7620552
0.053088298
-4.3080125
-1.8552318
-3.2812334
-0.89742517
-4.248032
-0.028226246
-1.5094555
-1.7236885
-2.3846174
-1.7603531
0.66043296
-1.3112036
0.25943513
-0.7595615
-2.4814869
-2.2892434
-0.54140448
-0.073149068
0.50301303
-1.4162048
-2.3628874
-3.4954623
-2.3865995
-6.1560188
-1.9342108
-3.435226
-0.83840045
-1.1522737
-1.1780292
-4.2976637
-0.62391543
-3.3649193
-2.3220999
-1.7014759
-1.3561778
-2.6121226
-1.9925618
-3.6266344
-2.2854956
-2.8903044
-1.1358722
-0.87664244
-2.3478827
-3.6362609
-3.6424554
0.52343979
-0.69214418
-2.3166494
-0.83475498
0.03309985
-4.7085464
-2.3768306
-2.0203147
-1.9056599
-1.6001719
-0.26132804
-1.222175
1.3916533
