-5.3636985
-0.44170326
-4.7665479
-5.3514743
-4.9385865
-7.7680276
-3.8733633
-2.130494
0.74875987
-2.6003661
-5.8729137
-4.541314
-1.5430346
-6.7631287
-0.02183728
-2.3879718
-4.374525
-3.5236091
-0.16659164
-6.1042898
-3.586247
-1.8942039
-2.3800431
-3.6362445
-5.8307347
-11.775628
-2.4455829
-3.0468498
0.95113841
-5.3635874
-0.39495831
-9.8993246
-0.96850644
-11.99132
-2.2570943
0.15572907
-2.7670209
-4.9834808
-5.3320653
-7.8544184
-1.5657633
-7.2217562
-5.0650754
-5.8054832
-5.8816807
-8.998905
-2.5771207
-2.7638402
-2.7537367
-7.3993501
-1.0451373
-4.5406287
-8.3568479
-3.0595875
0.90830215
-2.6804676
-2.6823638
-0.62536179
-1.2153667
-1.0743948
