-1.187611
-1.2029845
-5.4278172
-2.4046525
-3.0969396
-3.4017429
-2.205719
-0.36513576
-2.1415115
-3.0399951
-2.4115726
-2.8576471
-2.1379552
-3.1897005
-2.0245327
-0.57593088
-2.4573919
0.64578664
-0.55504065
-3.3467475
0.08764482
-1.2941236
-2.5356411
-2.8862597
-2.2097357
-3.4976317
-3.3179832
-2.0260027
-0.020982613
0.43569134
-1.4362722
-1.9482277
-0.99692587
-5.7666695
-5.3216315
-1.1048132
-2.3637202
1.2132715
-1.539302
-2.3937434
-4.0495522
-0.49561688
-2.3347019
-3.0005738
-3.2488427
-3.2774319
-1.699042
0.17874881
-1.6797266
-3.0925286
-2.0174318
0.94743351
-2.7845776
-1.633044
-1.9126982
-3.3058121
-2.4455611
-1.3512198
2.234696
-1.5594239
