   8.5244450e+01   1.8208659e-01   1.2911032e+01   8.6463731e-04   1.0042618e+00   5.1161643e+01   4.8000000e+01
   8.6358994e+01   1.8229492e-01   1.1549333e+01   8.6317398e-04   1.0042010e+00   4.8932553e+01   4.8000000e+01
   8.3739150e+01   1.8001302e-01   1.5008431e+01   8.8604264e-04   1.0054936e+00   5.4172242e+01   4.8000000e+01
   8.7853079e+01   1.8184896e-01   9.9464844e+00   8.7745962e-04   1.0034354e+00   4.5944383e+01   4.8000000e+01
   8.7261433e+01   1.8238281e-01   1.0552721e+01   8.7810645e-04   1.0033141e+00   4.7127675e+01   4.8000000e+01
   8.8579891e+01   1.7846680e-01   9.2492090e+00   9.0476073e-04   1.0031849e+00   4.4490761e+01   4.8000000e+01
   8.8846029e+01   1.8200846e-01   9.0062988e+00   9.0954713e-04   1.0030377e+00   4.3958484e+01   4.8000000e+01
   8.6262532e+01   1.8210612e-01   1.1661279e+01   9.2757276e-04   1.0044193e+00   4.9125478e+01   4.8000000e+01
   8.3369800e+01   1.7754557e-01   1.5573132e+01   8.7752638e-04   1.0049945e+00   5.4910942e+01   4.8000000e+01
   8.7210849e+01   1.8141276e-01   1.0606237e+01   8.8480772e-04   1.0033818e+00   4.7228844e+01   4.8000000e+01
   8.4991166e+01   1.7517253e-01   1.3242223e+01   8.8343968e-04   1.0042382e+00   5.1668209e+01   4.8000000e+01
   8.6356697e+01   1.7396484e-01   1.1551986e+01   8.6690422e-04   1.0036788e+00   4.8937147e+01   4.8000000e+01
   8.7824428e+01   1.8206706e-01   9.9750228e+00   8.1156042e-04   1.0030744e+00   4.6001685e+01   4.8000000e+01
   8.1742868e+01   1.7958333e-01   1.8324525e+01   9.3183981e-04   1.0062329e+00   5.8164806e+01   4.8000000e+01
   8.6242660e+01   1.8231445e-01   1.1684476e+01   8.4266733e-04   1.0037639e+00   4.9165222e+01   4.8000000e+01
   8.5681936e+01   1.8180013e-01   1.2358369e+01   8.7008727e-04   1.0037315e+00   5.0286670e+01   4.8000000e+01
   8.4671694e+01   1.8234701e-01   1.3672106e+01   8.6394240e-04   1.0040664e+00   5.2307154e+01   4.8000000e+01
   8.5501536e+01   1.8202148e-01   1.2583337e+01   8.6579544e-04   1.0037072e+00   5.0647469e+01   4.8000000e+01
   8.5395181e+01   1.8215820e-01   1.2717881e+01   8.7966383e-04   1.0044875e+00   5.0860179e+01   4.8000000e+01
   8.7698447e+01   1.8210938e-01   1.0101484e+01   8.2393212e-04   1.0032155e+00   4.6253648e+01   4.8000000e+01
   9.1734602e+01   1.8231771e-01   6.7467904e+00   8.2845150e-04   1.0022228e+00   3.8181338e+01   4.8000000e+01
   8.5171078e+01   1.8256185e-01   1.3006110e+01   8.5535091e-04   1.0039580e+00   5.1308385e+01   4.8000000e+01
   8.8170089e+01   1.8219076e-01   9.6361165e+00   8.6034967e-04   1.0029514e+00   4.5310364e+01   4.8000000e+01
   8.4377371e+01   1.8167318e-01   1.4080488e+01   8.2746655e-04   1.0044080e+00   5.2895801e+01   4.8000000e+01
   8.6944732e+01   1.8187826e-01   1.0892275e+01   8.3309836e-04   1.0037863e+00   4.7761077e+01   4.8000000e+01
   8.3912149e+01   1.8251628e-01   1.4751019e+01   8.0591310e-04   1.0043254e+00   5.3826243e+01   4.8000000e+01
   8.3382975e+01   1.8230143e-01   1.5552627e+01   8.2617813e-04   1.0048138e+00   5.4884591e+01   4.8000000e+01
   8.4217330e+01   1.8239258e-01   1.4307646e+01   7.9256777e-04   1.0038667e+00   5.3215882e+01   4.8000000e+01
   8.4563596e+01   1.8301758e-01   1.3820700e+01   7.9877396e-04   1.0038587e+00   5.2523349e+01   4.8000000e+01
   8.3500759e+01   1.8257487e-01   1.5370518e+01   8.0239279e-04   1.0041997e+00   5.4649025e+01   4.8000000e+01
   8.7159594e+01   1.8220378e-01   1.0660739e+01   7.9405479e-04   1.0032097e+00   4.7331355e+01   4.8000000e+01
   8.8893141e+01   1.8207357e-01   8.9639681e+00   7.8991740e-04   1.0027145e+00   4.3864260e+01   4.8000000e+01
   8.2972300e+01   1.8255534e-01   1.6204632e+01   8.4177702e-04   1.0051683e+00   5.5705943e+01   4.8000000e+01
   8.6745256e+01   1.8216797e-01   1.1111732e+01   8.0129815e-04   1.0033678e+00   4.8160029e+01   4.8000000e+01
   8.5427661e+01   1.8201823e-01   1.2676641e+01   8.3333357e-04   1.0040421e+00   5.0795220e+01   4.8000000e+01
   8.8741393e+01   1.8247070e-01   9.1010319e+00   7.8559496e-04   1.0025863e+00   4.4167756e+01   4.8000000e+01
   8.4386426e+01   1.8099935e-01   1.4067744e+01   8.9822278e-04   1.0048059e+00   5.2877691e+01   4.8000000e+01
   8.5882440e+01   1.8213542e-01   1.2113047e+01   8.8442358e-04   1.0037973e+00   4.9885663e+01   4.8000000e+01
   8.4796260e+01   1.8204102e-01   1.3502855e+01   9.0212284e-04   1.0047384e+00   5.2058023e+01   4.8000000e+01
   8.3342551e+01   1.7982422e-01   1.5615625e+01   9.0643159e-04   1.0049659e+00   5.4965440e+01   4.8000000e+01
   8.1375952e+01   1.8255859e-01   1.9009368e+01   9.3024837e-04   1.0075342e+00   5.8898639e+01   4.8000000e+01
   8.3461428e+01   1.8203451e-01   1.5431090e+01   8.4587092e-04   1.0050166e+00   5.4727687e+01   4.8000000e+01
   8.5427279e+01   1.8253581e-01   1.2677126e+01   8.3936440e-04   1.0041015e+00   5.0795985e+01   4.8000000e+01
   8.0846740e+01   1.8197266e-01   2.0042461e+01   8.6683974e-04   1.0064189e+00   5.9957061e+01   4.8000000e+01
   8.0832445e+01   1.8240885e-01   2.0071133e+01   8.6901045e-04   1.0062770e+00   5.9985652e+01   4.8000000e+01
   8.5485485e+01   1.8254232e-01   1.2603551e+01   8.2328563e-04   1.0039029e+00   5.0679573e+01   4.8000000e+01
   8.3221696e+01   1.8134440e-01   1.5805492e+01   8.4323450e-04   1.0055217e+00   5.5207149e+01   4.8000000e+01
   8.4823171e+01   1.8233398e-01   1.3466566e+01   8.4595621e-04   1.0042216e+00   5.2004200e+01   4.8000000e+01
   8.5528822e+01   1.8207682e-01   1.2549049e+01   8.1672979e-04   1.0036760e+00   5.0592898e+01   4.8000000e+01
   8.2577011e+01   1.8232747e-01   1.6858011e+01   8.4904749e-04   1.0052358e+00   5.6496520e+01   4.8000000e+01
   8.3102922e+01   1.8264648e-01   1.5994339e+01   8.5155891e-04   1.0047698e+00   5.5444697e+01   4.8000000e+01
   8.3142809e+01   1.8304688e-01   1.5930671e+01   8.5499721e-04   1.0050886e+00   5.5364924e+01   4.8000000e+01
   8.4386692e+01   1.8239583e-01   1.4067370e+01   8.5493403e-04   1.0046354e+00   5.2877158e+01   4.8000000e+01
   8.7148366e+01   1.8216797e-01   1.0672715e+01   8.5952683e-04   1.0035616e+00   4.7353809e+01   4.8000000e+01
   8.4501068e+01   1.8179688e-01   1.3907389e+01   8.5050036e-04   1.0045913e+00   5.2648406e+01   4.8000000e+01
   8.2558709e+01   1.7940104e-01   1.6888893e+01   8.7097534e-04   1.0052911e+00   5.6533124e+01   4.8000000e+01
   8.6712715e+01   1.8206380e-01   1.1147949e+01   8.4090529e-04   1.0035289e+00   4.8225111e+01   4.8000000e+01
   8.3545600e+01   1.8228841e-01   1.5301748e+01   9.0769639e-04   1.0057585e+00   5.4559341e+01   4.8000000e+01
   8.6121331e+01   1.8177409e-01   1.1827106e+01   8.9273904e-04   1.0039663e+00   4.9407881e+01   4.8000000e+01
   9.0095886e+01   1.8197266e-01   7.9481445e+00   8.7621051e-04   1.0026402e+00   4.1458770e+01   4.8000000e+01
   8.5860165e+01   1.7976563e-01   1.2140059e+01   9.3145073e-04   1.0041078e+00   4.9930212e+01   4.8000000e+01
   8.7875490e+01   1.8197266e-01   9.9242188e+00   9.0446558e-04   1.0032155e+00   4.5899562e+01   4.8000000e+01
   8.4509685e+01   1.8240885e-01   1.3895410e+01   9.4570109e-04   1.0050811e+00   5.2631172e+01   4.8000000e+01
   8.7429257e+01   1.8231445e-01   1.0377100e+01   8.4427858e-04   1.0034382e+00   4.6792028e+01   4.8000000e+01
   8.9605673e+01   1.8204427e-01   8.3474805e+00   8.4552435e-04   1.0027322e+00   4.2439195e+01   4.8000000e+01
   8.4673730e+01   1.7901693e-01   1.3669323e+01   8.6126454e-04   1.0042793e+00   5.2303082e+01   4.8000000e+01
   8.6748356e+01   1.8232422e-01   1.1108288e+01   8.8428478e-04   1.0035283e+00   4.8153829e+01   4.8000000e+01
   8.9609113e+01   1.8274089e-01   8.3446094e+00   8.5030609e-04   1.0027738e+00   4.2432315e+01   4.8000000e+01
   8.5656560e+01   1.8267253e-01   1.2389769e+01   9.0622982e-04   1.0044288e+00   5.0337421e+01   4.8000000e+01
   8.7684664e+01   1.8252604e-01   1.0115417e+01   8.8757962e-04   1.0033242e+00   4.6281213e+01   4.8000000e+01
   8.8248566e+01   1.8300456e-01   9.5607910e+00   8.7949845e-04   1.0030302e+00   4.5153409e+01   4.8000000e+01
   8.7251342e+01   1.8215169e-01   1.0563376e+01   9.1956094e-04   1.0035631e+00   4.7147858e+01   4.8000000e+01
   8.6968720e+01   1.8212891e-01   1.0866178e+01   9.1654718e-04   1.0035444e+00   4.7713101e+01   4.8000000e+01
   8.4036467e+01   1.8262695e-01   1.4568773e+01   9.4535065e-04   1.0049883e+00   5.3577608e+01   4.8000000e+01
   8.7348012e+01   1.8226563e-01   1.0461751e+01   8.1526505e-04   1.0034211e+00   4.6954517e+01   4.8000000e+01
   8.5004198e+01   1.8232747e-01   1.3224977e+01   8.1611065e-04   1.0040277e+00   5.1642145e+01   4.8000000e+01
   8.3421780e+01   1.7947591e-01   1.5492393e+01   8.1055543e-04   1.0047622e+00   5.4806982e+01   4.8000000e+01
   8.3580018e+01   1.8268229e-01   1.5249173e+01   8.2248804e-04   1.0046346e+00   5.4490506e+01   4.8000000e+01
   8.8503617e+01   1.8216797e-01   9.3200260e+00   8.6059465e-04   1.0031194e+00   4.4643308e+01   4.8000000e+01
   8.5019772e+01   1.8036784e-01   1.3204398e+01   8.7018951e-04   1.0049788e+00   5.1610999e+01   4.8000000e+01
   8.6944129e+01   1.8181966e-01   1.0892933e+01   8.3348698e-04   1.0037944e+00   4.7762285e+01   4.8000000e+01
   8.7268355e+01   1.8223633e-01   1.0545420e+01   8.3272427e-04   1.0036616e+00   4.7113833e+01   4.8000000e+01
   8.6642854e+01   1.8924805e-01   1.1226104e+01   8.7289468e-04   1.0038979e+00   4.8364835e+01   4.8000000e+01
   8.6883820e+01   1.8206706e-01   1.0958825e+01   8.4596700e-04   1.0037855e+00   4.7882901e+01   4.8000000e+01
   8.5241457e+01   1.8255859e-01   1.2914896e+01   8.6573244e-04   1.0047653e+00   5.1167627e+01   4.8000000e+01
   8.6812273e+01   1.8256510e-01   1.1037513e+01   8.2904515e-04   1.0037863e+00   4.8025995e+01   4.8000000e+01
   8.7964972e+01   1.8204753e-01   9.8358105e+00   8.5271736e-04   1.0030399e+00   4.5720597e+01   4.8000000e+01
   8.5883345e+01   1.8245117e-01   1.2111950e+01   8.4952422e-04   1.0039414e+00   4.9883851e+01   4.8000000e+01
   8.5950234e+01   1.8220703e-01   1.2031204e+01   8.4583017e-04   1.0037024e+00   4.9750073e+01   4.8000000e+01
   8.8449622e+01   1.8228841e-01   9.3704850e+00   8.6306158e-04   1.0032574e+00   4.4751297e+01   4.8000000e+01
   8.5379440e+01   1.8878255e-01   1.2737917e+01   8.4471135e-04   1.0041475e+00   5.0891662e+01   4.8000000e+01
   8.4985155e+01   1.7630534e-01   1.3250186e+01   8.9653932e-04   1.0044680e+00   5.1680231e+01   4.8000000e+01
   8.8859892e+01   1.8220703e-01   8.9938216e+00   9.0476126e-04   1.0029995e+00   4.3930757e+01   4.8000000e+01
   8.5409105e+01   1.7677409e-01   1.2700186e+01   9.2116967e-04   1.0045073e+00   5.0832332e+01   4.8000000e+01
   8.6929141e+01   1.8234375e-01   1.0909271e+01   9.1458793e-04   1.0037753e+00   4.7792259e+01   4.8000000e+01
   8.0462363e+01   1.7620443e-01   2.0827845e+01   9.1938631e-04   1.0072337e+00   6.0725816e+01   4.8000000e+01
   8.7966111e+01   1.8265299e-01   9.8346908e+00   8.2474573e-04   1.0033641e+00   4.5718320e+01   4.8000000e+01
   8.7683020e+01   1.8193034e-01   1.0117080e+01   8.5106322e-04   1.0031959e+00   4.6284502e+01   4.8000000e+01
   8.4074869e+01   1.8201497e-01   1.4512933e+01   8.7720494e-04   1.0046469e+00   5.3500804e+01   4.8000000e+01
   8.6012457e+01   1.8218099e-01   1.1956576e+01   8.7360143e-04   1.0038355e+00   4.9625628e+01   4.8000000e+01
   9.0227005e+01   1.8305990e-01   7.8446094e+00   8.0270358e-04   1.0026643e+00   4.1196532e+01   4.8000000e+01
   9.2326221e+01   1.8245768e-01   6.3592155e+00   7.8826219e-04   1.0020515e+00   3.6998100e+01   4.8000000e+01
   8.8994094e+01   1.8240560e-01   8.8739290e+00   7.7959961e-04   1.0024609e+00   4.3662353e+01   4.8000000e+01
   9.1107640e+01   1.8258138e-01   7.1833301e+00   7.9835667e-04   1.0024357e+00   3.9435261e+01   4.8000000e+01
   9.1321260e+01   1.8265299e-01   7.0315072e+00   7.9197288e-04   1.0022928e+00   3.9008021e+01   4.8000000e+01
   9.1612139e+01   1.8242188e-01   6.8299219e+00   7.8551473e-04   1.0022196e+00   3.8426265e+01   4.8000000e+01
   9.2013469e+01   1.8224609e-01   6.5612435e+00   7.8022684e-04   1.0020662e+00   3.7623603e+01   4.8000000e+01
   8.9798294e+01   1.8242839e-01   8.1882292e+00   7.9307428e-04   1.0026648e+00   4.2053953e+01   4.8000000e+01
   8.8823659e+01   1.8254232e-01   9.0264681e+00   8.0688053e-04   1.0030989e+00   4.4003223e+01   4.8000000e+01
   8.7154959e+01   1.8227539e-01   1.0665680e+01   8.1490017e-04   1.0036687e+00   4.7340623e+01   4.8000000e+01
   8.9495193e+01   1.8253255e-01   8.4402148e+00   7.9824868e-04   1.0027525e+00   4.2660155e+01   4.8000000e+01
   8.8180601e+01   1.8316732e-01   9.6259928e+00   8.1300143e-04   1.0032911e+00   4.5289341e+01   4.8000000e+01
   8.8709350e+01   1.8295573e-01   9.1302409e+00   8.0911168e-04   1.0030580e+00   4.4231842e+01   4.8000000e+01
   8.7162470e+01   1.8103841e-01   1.0657673e+01   8.1126467e-04   1.0037169e+00   4.7325601e+01   4.8000000e+01
   8.5185916e+01   1.8250326e-01   1.2986826e+01   8.4705808e-04   1.0046930e+00   5.1278709e+01   4.8000000e+01
   8.4218090e+01   1.8286133e-01   1.4306559e+01   8.5360216e-04   1.0052055e+00   5.3214362e+01   4.8000000e+01
   8.5270043e+01   1.8234049e-01   1.2878031e+01   8.3255987e-04   1.0045100e+00   5.1110456e+01   4.8000000e+01
   8.3874830e+01   1.8192708e-01   1.4806172e+01   8.5962303e-04   1.0055063e+00   5.3900882e+01   4.8000000e+01
   8.6232694e+01   1.8277995e-01   1.1696126e+01   8.2992683e-04   1.0040149e+00   4.9185154e+01   4.8000000e+01
   8.7016075e+01   1.8214844e-01   1.0814844e+01   8.1708377e-04   1.0036472e+00   4.7618392e+01   4.8000000e+01
   8.6629179e+01   1.8239583e-01   1.1241465e+01   8.2599430e-04   1.0038935e+00   4.8392183e+01   4.8000000e+01
   8.6021895e+01   1.8209310e-01   1.1945296e+01   8.2700264e-04   1.0040632e+00   4.9606752e+01   4.8000000e+01
   8.8458766e+01   1.8203776e-01   9.3619206e+00   7.9302908e-04   1.0026931e+00   4.4733009e+01   4.8000000e+01
   9.1493596e+01   1.8258464e-01   6.9113672e+00   7.9532415e-04   1.0023633e+00   3.8663349e+01   4.8000000e+01
   8.9129229e+01   1.8225911e-01   8.7548177e+00   7.9022192e-04   1.0025515e+00   4.3392083e+01   4.8000000e+01
   8.9641646e+01   1.8214844e-01   8.3175065e+00   7.8649763e-04   1.0023823e+00   4.2367250e+01   4.8000000e+01
   8.8534263e+01   1.8276367e-01   9.2915072e+00   7.9472218e-04   1.0026625e+00   4.4582015e+01   4.8000000e+01
   8.6944523e+01   1.8183919e-01   1.0892503e+01   7.9017922e-04   1.0031949e+00   4.7761496e+01   4.8000000e+01
   8.6844353e+01   1.8263672e-01   1.1002161e+01   8.0012299e-04   1.0033801e+00   4.7961835e+01   4.8000000e+01
   8.6771953e+01   1.8247070e-01   1.1082106e+01   8.0269359e-04   1.0034726e+00   4.8106635e+01   4.8000000e+01
   8.5505971e+01   1.8164388e-01   1.2577757e+01   8.0219014e-04   1.0039441e+00   5.0638599e+01   4.8000000e+01
   8.7895890e+01   1.8227539e-01   9.9039941e+00   7.8541910e-04   1.0028455e+00   4.5858762e+01   4.8000000e+01
   8.9462952e+01   1.8200195e-01   8.4674707e+00   7.7754439e-04   1.0024083e+00   4.2724637e+01   4.8000000e+01
   9.0042162e+01   1.8213867e-01   7.9909603e+00   7.7727636e-04   1.0023101e+00   4.1566219e+01   4.8000000e+01
   8.8313175e+01   1.7895833e-01   9.4992188e+00   7.9861044e-04   1.0032635e+00   4.5024191e+01   4.8000000e+01
   9.0785499e+01   1.8263021e-01   7.4185026e+00   7.7660342e-04   1.0021187e+00   4.0079545e+01   4.8000000e+01
   8.3340508e+01   1.8215495e-01   1.5618815e+01   8.5464220e-04   1.0056897e+00   5.4969526e+01   4.8000000e+01
   8.4399313e+01   1.8240560e-01   1.4049626e+01   8.5417778e-04   1.0052529e+00   5.2851915e+01   4.8000000e+01
   8.4378293e+01   1.8214518e-01   1.4079189e+01   8.4751697e-04   1.0051551e+00   5.2893956e+01   4.8000000e+01
   8.3093695e+01   1.8252930e-01   1.6009105e+01   8.7144666e-04   1.0060409e+00   5.5463152e+01   4.8000000e+01
   8.7537509e+01   1.8237630e-01   1.0265371e+01   8.1458469e-04   1.0034431e+00   4.6575524e+01   4.8000000e+01
   8.7789893e+01   1.8236328e-01   1.0009531e+01   8.1496924e-04   1.0033781e+00   4.6070755e+01   4.8000000e+01
   8.8623023e+01   1.8228516e-01   9.2094010e+00   8.0686529e-04   1.0030852e+00   4.4404496e+01   4.8000000e+01
   8.6765904e+01   1.8212565e-01   1.1088812e+01   8.1868109e-04   1.0037243e+00   4.8118733e+01   4.8000000e+01
   8.6926438e+01   1.8234375e-01   1.0912220e+01   8.1377497e-04   1.0038323e+00   4.7797665e+01   4.8000000e+01
   9.0551201e+01   1.8246745e-01   7.5943685e+00   7.9444218e-04   1.0024553e+00   4.0548140e+01   4.8000000e+01
   8.5284142e+01   1.8206055e-01   1.2859886e+01   8.2040151e-04   1.0046668e+00   5.1082257e+01   4.8000000e+01
   8.6033175e+01   1.8207031e-01   1.1931829e+01   8.1849202e-04   1.0043714e+00   4.9584191e+01   4.8000000e+01
   8.6225663e+01   1.8237956e-01   1.1704352e+01   8.1718480e-04   1.0042301e+00   4.9199215e+01   4.8000000e+01
   8.9078223e+01   1.8234701e-01   8.7995866e+00   8.4238122e-04   1.0030724e+00   4.3494095e+01   4.8000000e+01
   8.5143378e+01   1.8224609e-01   1.3042188e+01   8.2195436e-04   1.0045499e+00   5.1363786e+01   4.8000000e+01
   8.6979742e+01   1.8232096e-01   1.0854209e+01   8.1218522e-04   1.0038029e+00   4.7691059e+01   4.8000000e+01
   8.4576325e+01   1.8248698e-01   1.3803118e+01   8.2869592e-04   1.0049319e+00   5.2497891e+01   4.8000000e+01
   8.5138649e+01   1.8204753e-01   1.3048356e+01   8.2228944e-04   1.0045833e+00   5.1373243e+01   4.8000000e+01
   9.1941109e+01   1.8222656e-01   6.6088932e+00   7.8079347e-04   1.0021107e+00   3.7768324e+01   4.8000000e+01
   8.8099540e+01   1.8231445e-01   9.7043392e+00   8.1391637e-04   1.0036110e+00   4.5451462e+01   4.8000000e+01
   9.0102047e+01   1.8233073e-01   7.9432487e+00   7.9605999e-04   1.0025659e+00   4.1446447e+01   4.8000000e+01
   8.8185133e+01   1.8238607e-01   9.6216309e+00   8.3108902e-04   1.0035737e+00   4.5280276e+01   4.8000000e+01
   8.4448835e+01   1.8219401e-01   1.3980221e+01   8.6851173e-04   1.0051723e+00   5.2752871e+01   4.8000000e+01
   8.4994980e+01   1.8235677e-01   1.3237174e+01   8.5884839e-04   1.0048728e+00   5.1660582e+01   4.8000000e+01
   8.5328126e+01   1.8228841e-01   1.2803447e+01   8.5480176e-04   1.0046949e+00   5.0994289e+01   4.8000000e+01
   8.3860470e+01   1.8242188e-01   1.4827448e+01   8.7644014e-04   1.0054756e+00   5.3929601e+01   4.8000000e+01
   8.6694625e+01   1.8211263e-01   1.1168135e+01   8.2486205e-04   1.0037958e+00   4.8261292e+01   4.8000000e+01
   8.5744666e+01   1.8236979e-01   1.2281087e+01   8.3501899e-04   1.0041995e+00   5.0161209e+01   4.8000000e+01
   8.7284608e+01   1.8223307e-01   1.0528294e+01   8.2274911e-04   1.0036082e+00   4.7081327e+01   4.8000000e+01
   8.6601760e+01   1.8246094e-01   1.1272331e+01   8.3435197e-04   1.0038887e+00   4.8447022e+01   4.8000000e+01
   8.6532520e+01   1.8256510e-01   1.1350651e+01   8.3166222e-04   1.0040027e+00   4.8585502e+01   4.8000000e+01
   9.0262918e+01   1.8201497e-01   7.8164876e+00   7.9624496e-04   1.0025803e+00   4.1124706e+01   4.8000000e+01
   8.5790401e+01   1.8247070e-01   1.2225049e+01   8.5139019e-04   1.0041119e+00   5.0069741e+01   4.8000000e+01
   8.8518752e+01   1.8213542e-01   9.3059310e+00   8.0751758e-04   1.0031774e+00   4.4613039e+01   4.8000000e+01
   8.5564670e+01   1.8222982e-01   1.2504144e+01   8.4216969e-04   1.0041778e+00   5.0521202e+01   4.8000000e+01
   8.6120824e+01   1.8226237e-01   1.1827705e+01   8.6563471e-04   1.0043808e+00   4.9408893e+01   4.8000000e+01
   8.5478591e+01   1.8131185e-01   1.2612243e+01   8.8320400e-04   1.0045066e+00   5.0693360e+01   4.8000000e+01
   8.5368723e+01   1.8278646e-01   1.2751576e+01   8.7715207e-04   1.0048379e+00   5.0913097e+01   4.8000000e+01
   8.2698414e+01   1.7803711e-01   1.6654587e+01   8.5978497e-04   1.0061003e+00   5.6253713e+01   4.8000000e+01
   8.6195170e+01   1.8257813e-01   1.1740098e+01   8.6243650e-04   1.0044243e+00   4.9260203e+01   4.8000000e+01
   8.6277542e+01   1.8165365e-01   1.1643789e+01   8.4480587e-04   1.0044063e+00   4.9095458e+01   4.8000000e+01
   8.7964714e+01   1.8194336e-01   9.8360645e+00   8.4052765e-04   1.0037965e+00   4.5721114e+01   4.8000000e+01
   9.0386942e+01   1.8231771e-01   7.7201432e+00   7.9614750e-04   1.0025218e+00   4.0876658e+01   4.8000000e+01
   8.6755356e+01   1.8263672e-01   1.1100514e+01   8.3232797e-04   1.0041267e+00   4.8139829e+01   4.8000000e+01
   8.8443291e+01   1.8138672e-01   9.3764193e+00   8.0351056e-04   1.0031534e+00   4.4763959e+01   4.8000000e+01
   8.8117700e+01   1.7850911e-01   9.6867318e+00   7.9307503e-04   1.0032414e+00   4.5415142e+01   4.8000000e+01
   8.6704324e+01   1.8226237e-01   1.1157308e+01   8.1823504e-04   1.0037688e+00   4.8241894e+01   4.8000000e+01
   8.7730388e+01   1.8163411e-01   1.0069271e+01   8.1108554e-04   1.0034719e+00   4.6189766e+01   4.8000000e+01
   8.9735418e+01   1.8272135e-01   8.2398763e+00   8.0166417e-04   1.0027744e+00   4.2179707e+01   4.8000000e+01
   8.8920661e+01   1.8250326e-01   8.9393327e+00   8.0395790e-04   1.0029727e+00   4.3809219e+01   4.8000000e+01
   8.9451695e+01   1.8183919e-01   8.4770085e+00   7.9915362e-04   1.0028252e+00   4.2747152e+01   4.8000000e+01
   8.8762636e+01   1.8224609e-01   9.0817188e+00   8.0503380e-04   1.0030430e+00   4.4125269e+01   4.8000000e+01
   8.6890366e+01   1.8261719e-01   1.0951654e+01   7.9756412e-04   1.0034199e+00   4.7869809e+01   4.8000000e+01
   9.1067977e+01   1.8213867e-01   7.2118783e+00   7.9172506e-04   1.0023784e+00   3.9514588e+01   4.8000000e+01
   8.9577558e+01   1.8214193e-01   8.3709831e+00   7.8125544e-04   1.0024513e+00   4.2495427e+01   4.8000000e+01
   8.8326185e+01   1.8202474e-01   9.4868685e+00   7.8598191e-04   1.0028035e+00   4.4998172e+01   4.8000000e+01
   8.9395516e+01   1.8229167e-01   8.5247656e+00   7.8015900e-04   1.0024914e+00   4.2859511e+01   4.8000000e+01
   8.8473325e+01   1.8219401e-01   9.3483008e+00   7.8189688e-04   1.0024889e+00   4.4703892e+01   4.8000000e+01
   8.9386767e+01   1.8231771e-01   8.5322266e+00   7.7682677e-04   1.0022874e+00   4.2877007e+01   4.8000000e+01
   8.9659736e+01   1.8176432e-01   8.3024740e+00   7.7360773e-04   1.0022113e+00   4.2331071e+01   4.8000000e+01
   8.8513611e+01   1.8217448e-01   9.3107161e+00   7.7894277e-04   1.0024408e+00   4.4623320e+01   4.8000000e+01
   8.7326063e+01   1.8201823e-01   1.0484740e+01   7.8445203e-04   1.0028162e+00   4.6998417e+01   4.8000000e+01
   8.8660610e+01   1.8216146e-01   9.1748503e+00   7.7841039e-04   1.0024491e+00   4.4329321e+01   4.8000000e+01
   9.0554991e+01   1.8233724e-01   7.5914909e+00   7.7540821e-04   1.0021641e+00   4.0540560e+01   4.8000000e+01
