   8.5244450e+01   1.8208659e-01   1.2911032e+01   8.6463731e-04   1.0042618e+00   5.1161643e+01   4.8000000e+01
   8.6358994e+01   1.8229492e-01   1.1549333e+01   8.6317398e-04   1.0042010e+00   4.8932553e+01   4.8000000e+01
   8.3739150e+01   1.8001302e-01   1.5008431e+01   8.8604264e-04   1.0054936e+00   5.4172242e+01   4.8000000e+01
   8.7853079e+01   1.8184896e-01   9.9464844e+00   8.7745962e-04   1.0034354e+00   4.5944383e+01   4.8000000e+01
   8.7261433e+01   1.8238281e-01   1.0552721e+01   8.7810645e-04   1.0033141e+00   4.7127675e+01   4.8000000e+01
   8.8579891e+01   1.7846680e-01   9.2492090e+00   9.0476073e-04   1.0031849e+00   4.4490761e+01   4.8000000e+01
   8.8846029e+01   1.8200846e-01   9.0062988e+00   9.0954713e-04   1.0030377e+00   4.3958484e+01   4.8000000e+01
   8.6262532e+01   1.8210612e-01   1.1661279e+01   9.2757276e-04   1.0044193e+00   4.9125478e+01   4.8000000e+01
   8.3369800e+01   1.7754557e-01   1.5573132e+01   8.7752638e-04   1.0049945e+00   5.4910942e+01   4.8000000e+01
   8.7210849e+01   1.8141276e-01   1.0606237e+01   8.8480772e-04   1.0033818e+00   4.7228844e+01   4.8000000e+01
   8.4991166e+01   1.7517253e-01   1.3242223e+01   8.8343968e-04   1.0042382e+00   5.1668209e+01   4.8000000e+01
   8.6356697e+01   1.7396484e-01   1.1551986e+01   8.6690422e-04   1.0036788e+00   4.8937147e+01   4.8000000e+01
   8.7824428e+01   1.8206706e-01   9.9750228e+00   8.1156042e-04   1.0030744e+00   4.6001685e+01   4.8000000e+01
   8.1742868e+01   1.7958333e-01   1.8324525e+01   9.3183981e-04   1.0062329e+00   5.8164806e+01   4.8000000e+01
   8.6242660e+01   1.8231445e-01   1.1684476e+01   8.4266733e-04   1.0037639e+00   4.9165222e+01   4.8000000e+01
   8.5681936e+01   1.8180013e-01   1.2358369e+01   8.7008727e-04   1.0037315e+00   5.0286670e+01   4.8000000e+01
   8.4671694e+01   1.8234701e-01   1.3672106e+01   8.6394240e-04   1.0040664e+00   5.2307154e+01   4.8000000e+01
   8.5501536e+01   1.8202148e-01   1.2583337e+01   8.6579544e-04   1.0037072e+00   5.0647469e+01   4.8000000e+01
   8.5395181e+01   1.8215820e-01   1.2717881e+01   8.7966383e-04   1.0044875e+00   5.0860179e+01   4.8000000e+01
   8.7698447e+01   1.8210938e-01   1.0101484e+01   8.2393212e-04   1.0032155e+00   4.6253648e+01   4.8000000e+01
   9.1734602e+01   1.8231771e-01   6.7467904e+00   8.2845150e-04   1.0022228e+00   3.8181338e+01   4.8000000e+01
   8.5171078e+01   1.8256185e-01   1.3006110e+01   8.5535091e-04   1.0039580e+00   5.1308385e+01   4.8000000e+01
   8.8170089e+01   1.8219076e-01   9.6361165e+00   8.6034967e-04   1.0029514e+00   4.5310364e+01   4.8000000e+01
   8.4377371e+01   1.8167318e-01   1.4080488e+01   8.2746655e-04   1.0044080e+00   5.2895801e+01   4.8000000e+01
   8.6944732e+01   1.8187826e-01   1.0892275e+01   8.3309836e-04   1.0037863e+00   4.7761077e+01   4.8000000e+01
   8.3912149e+01   1.8251628e-01   1.4751019e+01   8.0591310e-04   1.0043254e+00   5.3826243e+01   4.8000000e+01
   8.3382975e+01   1.8230143e-01   1.5552627e+01   8.2617813e-04   1.0048138e+00   5.4884591e+01   4.8000000e+01
   8.4217330e+01   1.8239258e-01   1.4307646e+01   7.9256777e-04   1.0038667e+00   5.3215882e+01   4.8000000e+01
   8.4563596e+01   1.8301758e-01   1.3820700e+01   7.9877396e-04   1.0038587e+00   5.2523349e+01   4.8000000e+01
   8.3500759e+01   1.8257487e-01   1.5370518e+01   8.0239279e-04   1.0041997e+00   5.4649025e+01   4.8000000e+01
   8.7159594e+01   1.8220378e-01   1.0660739e+01   7.9405479e-04   1.0032097e+00   4.7331355e+01   4.8000000e+01
   8.8893141e+01   1.8207357e-01   8.9639681e+00   7.8991740e-04   1.0027145e+00   4.3864260e+01   4.8000000e+01
   8.2972300e+01   1.8255534e-01   1.6204632e+01   8.4177702e-04   1.0051683e+00   5.5705943e+01   4.8000000e+01
   8.6745256e+01   1.8216797e-01   1.1111732e+01   8.0129815e-04   1.0033678e+00   4.8160029e+01   4.8000000e+01
   8.5427661e+01   1.8201823e-01   1.2676641e+01   8.3333357e-04   1.0040421e+00   5.0795220e+01   4.8000000e+01
   8.8741393e+01   1.8247070e-01   9.1010319e+00   7.8559496e-04   1.0025863e+00   4.4167756e+01   4.8000000e+01
   8.4386426e+01   1.8099935e-01   1.4067744e+01   8.9822278e-04   1.0048059e+00   5.2877691e+01   4.8000000e+01
   8.5882440e+01   1.8213542e-01   1.2113047e+01   8.8442358e-04   1.0037973e+00   4.9885663e+01   4.8000000e+01
   8.4796260e+01   1.8204102e-01   1.3502855e+01   9.0212284e-04   1.0047384e+00   5.2058023e+01   4.8000000e+01
   8.3342551e+01   1.7982422e-01   1.5615625e+01   9.0643159e-04   1.0049659e+00   5.4965440e+01   4.8000000e+01
   8.1375952e+01   1.8255859e-01   1.9009368e+01   9.3024837e-04   1.0075342e+00   5.8898639e+01   4.8000000e+01
   8.3461428e+01   1.8203451e-01   1.5431090e+01   8.4587092e-04   1.0050166e+00   5.4727687e+01   4.8000000e+01
   8.5427279e+01   1.8253581e-01   1.2677126e+01   8.3936440e-04   1.0041015e+00   5.0795985e+01   4.8000000e+01
   8.0846740e+01   1.8197266e-01   2.0042461e+01   8.6683974e-04   1.0064189e+00   5.9957061e+01   4.8000000e+01
   8.0832445e+01   1.8240885e-01   2.0071133e+01   8.6901045e-04   1.0062770e+00   5.9985652e+01   4.8000000e+01
   8.5485485e+01   1.8254232e-01   1.2603551e+01   8.2328563e-04   1.0039029e+00   5.0679573e+01   4.8000000e+01
   8.3221696e+01   1.8134440e-01   1.5805492e+01   8.4323450e-04   1.0055217e+00   5.5207149e+01   4.8000000e+01
   8.4823171e+01   1.8233398e-01   1.3466566e+01   8.4595621e-04   1.0042216e+00   5.2004200e+01   4.8000000e+01
   8.5528822e+01   1.8207682e-01   1.2549049e+01   8.1672979e-04   1.0036760e+00   5.0592898e+01   4.8000000e+01
   8.2577011e+01   1.8232747e-01   1.6858011e+01   8.4904749e-04   1.0052358e+00   5.6496520e+01   4.8000000e+01
   8.3102922e+01   1.8264648e-01   1.5994339e+01   8.5155891e-04   1.0047698e+00   5.5444697e+01   4.8000000e+01
   8.3142809e+01   1.8304688e-01   1.5930671e+01   8.5499721e-04   1.0050886e+00   5.5364924e+01   4.8000000e+01
   8.4386692e+01   1.8239583e-01   1.4067370e+01   8.5493403e-04   1.0046354e+00   5.2877158e+01   4.8000000e+01
   8.7148366e+01   1.8216797e-01   1.0672715e+01   8.5952683e-04   1.0035616e+00   4.7353809e+01   4.8000000e+01
   8.4501068e+01   1.8179688e-01   1.3907389e+01   8.5050036e-04   1.0045913e+00   5.2648406e+01   4.8000000e+01
   8.2558709e+01   1.7940104e-01   1.6888893e+01   8.7097534e-04   1.0052911e+00   5.6533124e+01   4.8000000e+01
   8.6712715e+01   1.8206380e-01   1.1147949e+01   8.4090529e-04   1.0035289e+00   4.8225111e+01   4.8000000e+01
   8.3545600e+01   1.8228841e-01   1.5301748e+01   9.0769639e-04   1.0057585e+00   5.4559341e+01   4.8000000e+01
   8.6121331e+01   1.8177409e-01   1.1827106e+01   8.9273904e-04   1.0039663e+00   4.9407881e+01   4.8000000e+01
   9.0095886e+01   1.8197266e-01   7.9481445e+00   8.7621051e-04   1.0026402e+00   4.1458770e+01   4.8000000e+01
   8.5860165e+01   1.7976563e-01   1.2140059e+01   9.3145073e-04   1.0041078e+00   4.9930212e+01   4.8000000e+01
   8.7875490e+01   1.8197266e-01   9.9242188e+00   9.0446558e-04   1.0032155e+00   4.5899562e+01   4.8000000e+01
   8.4509685e+01   1.8240885e-01   1.3895410e+01   9.4570109e-04   1.0050811e+00   5.2631172e+01   4.8000000e+01
   8.7429257e+01   1.8231445e-01   1.0377100e+01   8.4427858e-04   1.0034382e+00   4.6792028e+01   4.8000000e+01
   8.9605673e+01   1.8204427e-01   8.3474805e+00   8.4552435e-04   1.0027322e+00   4.2439195e+01   4.8000000e+01
   8.4673730e+01   1.7901693e-01   1.3669323e+01   8.6126454e-04   1.0042793e+00   5.2303082e+01   4.8000000e+01
   8.6748356e+01   1.8232422e-01   1.1108288e+01   8.8428478e-04   1.0035283e+00   4.8153829e+01   4.8000000e+01
   8.9609113e+01   1.8274089e-01   8.3446094e+00   8.5030609e-04   1.0027738e+00   4.2432315e+01   4.8000000e+01
   8.5656560e+01   1.8267253e-01   1.2389769e+01   9.0622982e-04   1.0044288e+00   5.0337421e+01   4.8000000e+01
   8.7684664e+01   1.8252604e-01   1.0115417e+01   8.8757962e-04   1.0033242e+00   4.6281213e+01   4.8000000e+01
   8.8248566e+01   1.8300456e-01   9.5607910e+00   8.7949845e-04   1.0030302e+00   4.5153409e+01   4.8000000e+01
   8.7251342e+01   1.8215169e-01   1.0563376e+01   9.1956094e-04   1.0035631e+00   4.7147858e+01   4.8000000e+01
   8.6968720e+01   1.8212891e-01   1.0866178e+01   9.1654718e-04   1.0035444e+00   4.7713101e+01   4.8000000e+01
   8.4036467e+01   1.8262695e-01   1.4568773e+01   9.4535065e-04   1.0049883e+00   5.3577608e+01   4.8000000e+01
   8.7348012e+01   1.8226563e-01   1.0461751e+01   8.1526505e-04   1.0034211e+00   4.6954517e+01   4.8000000e+01
   8.5004198e+01   1.8232747e-01   1.3224977e+01   8.1611065e-04   1.0040277e+00   5.1642145e+01   4.8000000e+01
   8.3421780e+01   1.7947591e-01   1.5492393e+01   8.1055543e-04   1.0047622e+00   5.4806982e+01   4.8000000e+01
   8.3580018e+01   1.8268229e-01   1.5249173e+01   8.2248804e-04   1.0046346e+00   5.4490506e+01   4.8000000e+01
   8.8503617e+01   1.8216797e-01   9.3200260e+00   8.6059465e-04   1.0031194e+00   4.4643308e+01   4.8000000e+01
   8.5019772e+01   1.8036784e-01   1.3204398e+01   8.7018951e-04   1.0049788e+00   5.1610999e+01   4.8000000e+01
   8.6944129e+01   1.8181966e-01   1.0892933e+01   8.3348698e-04   1.0037944e+00   4.7762285e+01   4.8000000e+01
   8.7268355e+01   1.8223633e-01   1.0545420e+01   8.3272427e-04   1.0036616e+00   4.7113833e+01   4.8000000e+01
   8.6642854e+01   1.8924805e-01   1.1226104e+01   8.7289468e-04   1.0038979e+00   4.8364835e+01   4.8000000e+01
   8.6883820e+01   1.8206706e-01   1.0958825e+01   8.4596700e-04   1.0037855e+00   4.7882901e+01   4.8000000e+01
   8.5241457e+01   1.8255859e-01   1.2914896e+01   8.6573244e-04   1.0047653e+00   5.1167627e+01   4.8000000e+01
   8.6812273e+01   1.8256510e-01   1.1037513e+01   8.2904515e-04   1.0037863e+00   4.8025995e+01   4.8000000e+01
   8.7964972e+01   1.8204753e-01   9.8358105e+00   8.5271736e-04   1.0030399e+00   4.5720597e+01   4.8000000e+01
   8.5883345e+01   1.8245117e-01   1.2111950e+01   8.4952422e-04   1.0039414e+00   4.9883851e+01   4.8000000e+01
   8.5950234e+01   1.8220703e-01   1.2031204e+01   8.4583017e-04   1.0037024e+00   4.9750073e+01   4.8000000e+01
   8.8449622e+01   1.8228841e-01   9.3704850e+00   8.6306158e-04   1.0032574e+00   4.4751297e+01   4.8000000e+01
   8.5379440e+01   1.8878255e-01   1.2737917e+01   8.4471135e-04   1.0041475e+00   5.0891662e+01   4.8000000e+01
   8.4985155e+01   1.7630534e-01   1.3250186e+01   8.9653932e-04   1.0044680e+00   5.1680231e+01   4.8000000e+01
   8.8859892e+01   1.8220703e-01   8.9938216e+00   9.0476126e-04   1.0029995e+00   4.3930757e+01   4.8000000e+01
   8.5409105e+01   1.7677409e-01   1.2700186e+01   9.2116967e-04   1.0045073e+00   5.0832332e+01   4.8000000e+01
   8.6929141e+01   1.8234375e-01   1.0909271e+01   9.1458793e-04   1.0037753e+00   4.7792259e+01   4.8000000e+01
   8.0462363e+01   1.7620443e-01   2.0827845e+01   9.1938631e-04   1.0072337e+00   6.0725816e+01   4.8000000e+01
   8.7966111e+01   1.8265299e-01   9.8346908e+00   8.2474573e-04   1.0033641e+00   4.5718320e+01   4.8000000e+01
   8.7683020e+01   1.8193034e-01   1.0117080e+01   8.5106322e-04   1.0031959e+00   4.6284502e+01   4.8000000e+01
   8.4074869e+01   1.8201497e-01   1.4512933e+01   8.7720494e-04   1.0046469e+00   5.3500804e+01   4.8000000e+01
   8.6012457e+01   1.8218099e-01   1.1956576e+01   8.7360143e-04   1.0038355e+00   4.9625628e+01   4.8000000e+01
