-1.1193375
-0.46194594
0.67396133
0.6078335
-1.0514819
0.099145582
0.069150569
0.0068925289
-0.47557783
-0.45824467
-1.0770792
-0.29630481
1.7355669
0.69122136
0.38000335
0.028890131
1.6922985
1.0790335
-0.0053645069
-0.50461487
-1.1150131
1.0565096
0.62934547
0.18403651
-0.52320393
-0.59033963
0.39002117
-0.034041882
1.1665606
0.93186061
-0.029219767
-0.16627176
0.19207199
0.95503091
0.7025437
0.42959065
0.97057601
1.8559022
-0.44229591
1.2907323
-0.65303998
0.62204306
-0.23756908
-0.74785942
-0.2414045
-0.15948944
-0.58388678
-0.78422804
0.14716127
-0.58836163
-0.36508074
0.07443874
0.62386687
-0.89066261
-0.49504842
-0.41734151
0.76606469
0.55599465
0.59948775
0.55136396
